asc_driving = -0.7094745981626187
asc_pt = -2.4098861899668838
asc_walking = 0.14981594917286545
beta_cost = -0.016374229520819746
beta_time = 0.04692308530871107
